41 6 20074
1 979 4 5 6 16 19 21 23 31 32 33 
2 943 19 
3 630 4 16 19 21 23 28 32 34 38 39 
4 409 2 5 33 
5 176 19 
6 970 4 5 11 16 23 28 33 34 36 38 39 
7 91 1 4 6 8 11 16 17 19 23 29 34 35 36 38 
8 907 2 4 5 21 25 31 39 
9 932 2 4 8 10 13 14 17 18 19 25 27 28 30 31 32 34 35 37 38 40 41 
10 60 2 3 4 5 6 8 11 12 21 23 30 31 36 37 40 
11 594 2 5 21 
12 960 19 33 39 
13 697 2 5 6 11 12 16 17 19 21 23 25 26 27 28 29 31 32 35 38 41 
14 742 2 5 6 12 13 15 16 19 21 22 23 25 28 29 30 32 37 38 40 
15 425 1 2 4 11 21 23 31 32 34 36 
16 580 4 5 32 33 39 
17 230 2 3 4 5 8 12 19 21 23 26 32 33 34 38 39 
18 254 2 4 5 11 12 16 19 23 26 34 36 
19 563 39 
20 777 2 4 6 7 11 15 18 19 21 24 29 32 34 35 38 41 
21 484 2 12 
22 422 1 3 5 7 11 12 19 23 25 26 30 31 32 34 35 36 38 39 40 
23 26 4 28 32 34 38 
24 60 1 2 3 4 5 6 11 12 16 17 18 19 31 38 40 41 
25 104 2 3 4 5 11 12 21 23 32 38 
26 345 1 4 5 16 19 21 25 28 31 33 34 36 41 
27 419 4 5 6 11 15 16 17 19 21 24 26 28 29 31 34 36 38 
28 429 19 21 32 33 38 
29 395 1 3 5 8 15 16 19 23 32 33 35 36 40 41 
30 394 2 3 5 8 15 16 18 23 24 26 28 29 32 36 38 40 41 
31 469 2 3 4 5 12 16 21 23 28 32 33 34 36 38 
32 409 2 4 11 21 
33 861 19 39 
34 942 2 4 5 11 19 33 39 
35 682 3 5 6 8 15 18 23 26 31 32 33 40 41 
36 520 4 16 21 28 32 33 38 
37 107 1 4 5 11 12 16 18 19 23 25 26 29 31 33 34 35 36 38 39 40 
38 29 2 4 5 34 39 
39 415 *
40 295 2 5 6 15 19 21 23 26 28 31 33 36 39 41 
41 348 3 4 5 6 12 15 16 19 21 23 25 31 36 38 39 

**************************************************************************************************************************************************************
Пояснения к содержимому входного файла.
1-я строка содержит 3 числа: порядок графа, номер варианта (5 или 6) и номер стартововой вершины (5 вариант) или заданный план работ (6 вариант)
Варианты: 5- задача об узких местах, 6 - задача сетевого планирования.
Для 5-го варианта построчно приводится матрица весов сети, разделитель - пробел, в которой * означает отсутствие дуги.
Для 6-го варианта построчно приводится: <номер работы> <время ее выполнения> <список предшествующих работ через пробел> 
Если список предшествующих работ пуст - выводится *
**************************************************************************************************************************************************************
Пояснения к содержимому выходного файла.
Имя файла - такое же, меняете только расширение in на out. 
Для 5-го варианта последовательно выводим: номер итерации, содержимое массива (матрицы) D, содержимое массива (матрицы) P для каждой итерации, начиная с 1 (без шага инициализации) 
Разделитель - пробел. Минус бесконечность обозначаем '-', а плюс бесконечность - '*'.
В 6-ом варианте в первой строке выводим сначала оптимальный план работ.
Затем построчно выводим: <номер вершины>: <ebeg>, <efin>, <lbeg>, <lfin>, <reserve>. Разделитель - запятая и пробел. Вершины упорядочены по возрастанию номеров.
Смотрите также сгенерированные примеры для обоих вариантов. 
**************************************************************************************************************************************************************
